# details about actor.pt

# end-effector name: "Rhand_Link0_Plan2"

# RL policy timestep: 0.025s

# trained on the following PD gains
5400 54
12925 103.40
16000 160.00
36000 360.00
8000 80.00
2244 22.44
5400 54
12925 103.40
16000 160.00
36000 360.00
8000 80.00
2244 22.44
8000 80.00
8000 80.00
8000 80.00
1311 13.11
1311 13.11
64.700 6.4700
64.700 6.4700
111.72 11.172
28.580 2.1660
174.10 17.410
27.720 2.7740
27.720 2.7740
29.840 2.2380
13.86 1.386
693 6.93
693 6.93
693 6.93
693 6.93
693 6.93
693 6.93
693 6.93
693 6.93
693 6.93
3235 32.35
3235 32.35
5586 55.86
1429 10.83
8705 87.05
1386 13.87
1386 13.87
1492 11.19
693 6.93
693 6.93
693 6.93
693 6.93
693 6.93
693 6.93
693 6.93
693 6.93
693 6.93
693 6.93
